0

0

0

40000

60000

80000

---------------------
4 5 0 | 0 0 0 | 0 3 0 
7 0 0 | 0 0 3 | 0 9 1 
3 0 6 | 0 1 0 | 4 5 0 
---------------------
9 0 0 | 7 0 5 | 0 0 6 
6 0 0 | 1 0 9 | 0 0 5 
8 0 0 | 6 0 4 | 0 0 9 
---------------------
0 6 4 | 0 7 0 | 5 0 3 
2 7 0 | 3 0 0 | 0 0 4 
0 3 0 | 0 0 0 | 0 7 8 

---------------------
4 5 0 | 0 0 0 | 0 3 0 
7 0 0 | 0 0 3 | 0 9 1 
3 0 6 | 0 1 0 | 4 5 0 
---------------------
9 0 0 | 7 0 5 | 0 0 6 
6 0 0 | 1 0 9 | 0 0 5 
8 0 0 | 6 0 4 | 0 0 9 
---------------------
0 6 4 | 0 7 0 | 5 0 3 
2 7 0 | 3 0 0 | 0 0 4 
0 3 0 | 0 0 0 | 0 7 8 

1

0
