0

0

0

800000

1200000

2400000

---------------------
5 0 9 | 6 1 2 | 7 4 8 
8 7 1 | 4 0 5 | 3 2 6 
6 4 0 | 0 8 7 | 5 1 0 
---------------------
0 0 3 | 7 2 0 | 0 0 0 
0 6 4 | 5 0 8 | 0 9 0 
0 0 5 | 0 6 0 | 0 0 0 
---------------------
0 0 6 | 8 0 1 | 4 0 2 
2 0 7 | 9 4 0 | 0 8 0 
4 1 0 | 0 0 3 | 9 6 5 

---------------------
5 0 9 | 6 1 2 | 7 4 8 
8 7 1 | 4 0 5 | 3 2 6 
6 4 0 | 0 8 7 | 5 1 0 
---------------------
0 0 3 | 7 2 0 | 0 0 0 
0 6 4 | 5 0 8 | 0 9 0 
0 0 5 | 0 6 0 | 0 0 0 
---------------------
0 0 6 | 8 0 1 | 4 0 2 
2 0 7 | 9 4 0 | 0 8 0 
4 1 0 | 0 0 3 | 9 6 5 

0

0
