0

0

0

800000

1200000

2400000

---------------------
4 0 7 | 5 8 2 | 6 0 9 
8 9 5 | 1 6 3 | 2 0 4 
0 0 6 | 4 0 9 | 8 1 5 
---------------------
5 0 9 | 3 0 8 | 0 4 1 
2 8 1 | 0 4 7 | 3 0 0 
0 3 0 | 0 5 0 | 0 2 0 
---------------------
6 0 0 | 2 3 0 | 1 9 0 
0 0 3 | 8 0 0 | 4 0 2 
1 0 0 | 7 0 0 | 5 0 0 

---------------------
4 0 7 | 5 8 2 | 6 0 9 
8 9 5 | 1 6 3 | 2 0 4 
0 0 6 | 4 0 9 | 8 1 5 
---------------------
5 0 9 | 3 0 8 | 0 4 1 
2 8 1 | 0 4 7 | 3 0 0 
0 3 0 | 0 5 0 | 0 2 0 
---------------------
6 0 0 | 2 3 0 | 1 9 0 
0 0 3 | 8 0 0 | 4 0 2 
1 0 0 | 7 0 0 | 5 0 0 

0

0
