0

0

0

800000

1200000

2400000

---------------------
0 1 9 | 0 3 7 | 2 0 0 
5 7 4 | 6 0 1 | 0 0 0 
0 0 3 | 9 8 0 | 0 7 0 
---------------------
0 3 0 | 5 0 0 | 7 2 6 
4 8 6 | 7 0 2 | 0 0 3 
0 0 5 | 3 0 6 | 0 9 4 
---------------------
1 9 8 | 2 5 3 | 0 0 0 
3 4 0 | 0 0 9 | 1 5 0 
0 5 2 | 1 0 0 | 0 8 9 

---------------------
0 1 9 | 0 3 7 | 2 0 0 
5 7 4 | 6 0 1 | 0 0 0 
0 0 3 | 9 8 0 | 0 7 0 
---------------------
0 3 0 | 5 0 0 | 7 2 6 
4 8 6 | 7 0 2 | 0 0 3 
0 0 5 | 3 0 6 | 0 9 4 
---------------------
1 9 8 | 2 5 3 | 0 0 0 
3 4 0 | 0 0 9 | 1 5 0 
0 5 2 | 1 0 0 | 0 8 9 

0

0
