0

0

0

800000

1200000

2400000

---------------------
3 6 0 | 4 8 0 | 1 5 9 
0 0 8 | 0 0 3 | 0 4 2 
9 0 0 | 1 0 7 | 0 0 0 
---------------------
0 2 1 | 3 4 0 | 9 7 5 
7 0 3 | 0 0 8 | 4 1 0 
0 0 0 | 7 0 0 | 8 2 0 
---------------------
0 7 9 | 0 3 0 | 0 0 4 
0 0 0 | 8 0 1 | 2 9 0 
2 0 6 | 0 7 4 | 5 3 1 

---------------------
3 6 0 | 4 8 0 | 1 5 9 
0 0 8 | 0 0 3 | 0 4 2 
9 0 0 | 1 0 7 | 0 0 0 
---------------------
0 2 1 | 3 4 0 | 9 7 5 
7 0 3 | 0 0 8 | 4 1 0 
0 0 0 | 7 0 0 | 8 2 0 
---------------------
0 7 9 | 0 3 0 | 0 0 4 
0 0 0 | 8 0 1 | 2 9 0 
2 0 6 | 0 7 4 | 5 3 1 

0

0
