0

0

0

800000

1200000

2400000

---------------------
0 0 8 | 6 7 5 | 4 0 0 
0 6 1 | 0 0 8 | 0 0 0 
0 7 5 | 0 0 0 | 0 9 8 
---------------------
7 0 2 | 4 0 0 | 3 0 5 
0 3 6 | 0 0 7 | 0 0 0 
8 0 9 | 5 3 0 | 0 6 7 
---------------------
0 0 3 | 2 5 1 | 9 0 0 
0 2 0 | 7 8 6 | 5 3 0 
1 5 7 | 3 9 0 | 8 0 0 

---------------------
0 0 8 | 6 7 5 | 4 0 0 
0 6 1 | 0 0 8 | 0 0 0 
0 7 5 | 0 0 0 | 0 9 8 
---------------------
7 0 2 | 4 0 0 | 3 0 5 
0 3 6 | 0 0 7 | 0 0 0 
8 0 9 | 5 3 0 | 0 6 7 
---------------------
0 0 3 | 2 5 1 | 9 0 0 
0 2 0 | 7 8 6 | 5 3 0 
1 5 7 | 3 9 0 | 8 0 0 

0

0
