0

0

0

800000

1200000

2400000

---------------------
1 0 8 | 2 0 9 | 4 3 0 
6 2 0 | 8 0 3 | 9 0 0 
3 0 0 | 6 0 7 | 2 0 0 
---------------------
0 6 0 | 1 0 0 | 3 0 9 
0 0 7 | 0 2 0 | 0 6 0 
5 0 1 | 9 8 6 | 7 2 4 
---------------------
7 0 0 | 4 0 0 | 0 9 2 
0 0 9 | 0 0 0 | 6 7 1 
0 0 0 | 0 9 8 | 5 0 3 

---------------------
1 0 8 | 2 0 9 | 4 3 0 
6 2 0 | 8 0 3 | 9 0 0 
3 0 0 | 6 0 7 | 2 0 0 
---------------------
0 6 0 | 1 0 0 | 3 0 9 
0 0 7 | 0 2 0 | 0 6 0 
5 0 1 | 9 8 6 | 7 2 4 
---------------------
7 0 0 | 4 0 0 | 0 9 2 
0 0 9 | 0 0 0 | 6 7 1 
0 0 0 | 0 9 8 | 5 0 3 

0

0
