0

0

0

800000

1200000

2400000

---------------------
8 4 0 | 0 0 7 | 0 0 0 
9 0 3 | 0 0 6 | 7 0 2 
0 0 2 | 0 0 0 | 8 0 0 
---------------------
1 0 4 | 0 3 0 | 0 0 6 
0 9 7 | 4 0 0 | 3 0 0 
3 2 6 | 5 0 0 | 1 0 4 
---------------------
4 0 9 | 2 0 0 | 0 0 5 
2 0 8 | 6 5 9 | 4 1 7 
0 0 0 | 7 8 4 | 2 0 9 

---------------------
8 4 0 | 0 0 7 | 0 0 0 
9 0 3 | 0 0 6 | 7 0 2 
0 0 2 | 0 0 0 | 8 0 0 
---------------------
1 0 4 | 0 3 0 | 0 0 6 
0 9 7 | 4 0 0 | 3 0 0 
3 2 6 | 5 0 0 | 1 0 4 
---------------------
4 0 9 | 2 0 0 | 0 0 5 
2 0 8 | 6 5 9 | 4 1 7 
0 0 0 | 7 8 4 | 2 0 9 

0

0
