0

0

0

800000

1200000

2400000

---------------------
9 0 0 | 7 0 6 | 0 0 0 
7 0 1 | 3 0 0 | 0 6 4 
0 0 6 | 0 4 0 | 0 0 0 
---------------------
5 0 3 | 2 7 8 | 6 0 0 
0 0 2 | 0 5 1 | 0 3 8 
0 7 0 | 9 3 0 | 0 2 0 
---------------------
8 4 5 | 1 0 7 | 3 0 2 
2 0 0 | 0 0 5 | 0 0 0 
0 0 0 | 4 0 0 | 5 8 7 

---------------------
9 0 0 | 7 0 6 | 0 0 0 
7 0 1 | 3 0 0 | 0 6 4 
0 0 6 | 0 4 0 | 0 0 0 
---------------------
5 0 3 | 2 7 8 | 6 0 0 
0 0 2 | 0 5 1 | 0 3 8 
0 7 0 | 9 3 0 | 0 2 0 
---------------------
8 4 5 | 1 0 7 | 3 0 2 
2 0 0 | 0 0 5 | 0 0 0 
0 0 0 | 4 0 0 | 5 8 7 

0

0
