0

0

0

800000

1200000

2400000

---------------------
9 2 0 | 8 3 5 | 1 0 0 
0 0 0 | 0 9 0 | 0 0 5 
0 8 1 | 0 7 0 | 3 2 0 
---------------------
8 5 6 | 0 4 0 | 0 0 1 
3 0 0 | 0 0 1 | 0 0 8 
1 0 0 | 0 8 7 | 0 0 3 
---------------------
0 0 4 | 0 5 0 | 8 1 0 
0 3 0 | 4 1 8 | 6 9 0 
0 0 8 | 0 0 9 | 0 3 0 

---------------------
9 2 0 | 8 3 5 | 1 0 0 
0 0 0 | 0 9 0 | 0 0 5 
0 8 1 | 0 7 0 | 3 2 0 
---------------------
8 5 6 | 0 4 0 | 0 0 1 
3 0 0 | 0 0 1 | 0 0 8 
1 0 0 | 0 8 7 | 0 0 3 
---------------------
0 0 4 | 0 5 0 | 8 1 0 
0 3 0 | 4 1 8 | 6 9 0 
0 0 8 | 0 0 9 | 0 3 0 

0

0
