0

0

0

800000

1200000

2400000

---------------------
9 4 0 | 0 5 1 | 6 0 7 
0 0 1 | 9 3 0 | 0 5 0 
7 0 3 | 0 6 0 | 0 0 0 
---------------------
0 0 7 | 0 0 0 | 9 6 5 
5 0 0 | 0 0 0 | 0 4 1 
0 1 4 | 6 9 0 | 0 0 3 
---------------------
3 0 9 | 0 7 0 | 0 0 4 
0 0 5 | 0 4 6 | 3 0 9 
0 0 8 | 0 0 9 | 0 0 0 

---------------------
9 4 0 | 0 5 1 | 6 0 7 
0 0 1 | 9 3 0 | 0 5 0 
7 0 3 | 0 6 0 | 0 0 0 
---------------------
0 0 7 | 0 0 0 | 9 6 5 
5 0 0 | 0 0 0 | 0 4 1 
0 1 4 | 6 9 0 | 0 0 3 
---------------------
3 0 9 | 0 7 0 | 0 0 4 
0 0 5 | 0 4 6 | 3 0 9 
0 0 8 | 0 0 9 | 0 0 0 

0

0
