0

0

0

800000

1200000

2400000

---------------------
6 4 0 | 0 0 0 | 1 0 9 
0 9 8 | 0 0 0 | 2 5 0 
0 0 5 | 9 0 0 | 0 4 6 
---------------------
0 3 0 | 8 7 9 | 4 0 0 
0 0 0 | 0 0 5 | 0 0 8 
0 8 0 | 0 1 6 | 0 9 0 
---------------------
0 6 3 | 5 0 8 | 0 0 0 
0 2 4 | 6 0 0 | 0 3 5 
0 5 0 | 0 0 0 | 0 6 4 

---------------------
6 4 0 | 0 0 0 | 1 0 9 
0 9 8 | 0 0 0 | 2 5 0 
0 0 5 | 9 0 0 | 0 4 6 
---------------------
0 3 0 | 8 7 9 | 4 0 0 
0 0 0 | 0 0 5 | 0 0 8 
0 8 0 | 0 1 6 | 0 9 0 
---------------------
0 6 3 | 5 0 8 | 0 0 0 
0 2 4 | 6 0 0 | 0 3 5 
0 5 0 | 0 0 0 | 0 6 4 

0

0
