0

0

0

800000

1200000

2400000

---------------------
1 0 0 | 7 0 9 | 8 2 0 
6 0 0 | 0 3 0 | 0 0 0 
0 0 0 | 0 6 2 | 0 0 0 
---------------------
0 5 0 | 0 0 0 | 9 0 7 
0 0 6 | 9 2 3 | 1 4 0 
0 3 4 | 0 0 0 | 0 0 8 
---------------------
0 0 0 | 2 7 0 | 0 1 0 
5 0 7 | 0 9 0 | 4 0 0 
0 0 0 | 0 4 0 | 6 0 9 

---------------------
1 0 0 | 7 0 9 | 8 2 0 
6 0 0 | 0 3 0 | 0 0 0 
0 0 0 | 0 6 2 | 0 0 0 
---------------------
0 5 0 | 0 0 0 | 9 0 7 
0 0 6 | 9 2 3 | 1 4 0 
0 3 4 | 0 0 0 | 0 0 8 
---------------------
0 0 0 | 2 7 0 | 0 1 0 
5 0 7 | 0 9 0 | 4 0 0 
0 0 0 | 0 4 0 | 6 0 9 

0

0
