0

0

0

800000

1200000

2400000

---------------------
7 1 8 | 5 4 0 | 3 6 2 
6 2 4 | 0 7 3 | 8 5 0 
5 0 9 | 0 8 2 | 1 7 4 
---------------------
0 0 7 | 2 9 0 | 5 8 0 
9 8 0 | 7 5 0 | 0 2 3 
2 0 1 | 8 3 4 | 7 0 0 
---------------------
8 0 0 | 0 1 5 | 9 0 0 
1 9 0 | 0 0 7 | 0 3 0 
0 0 3 | 0 6 0 | 2 0 5 

---------------------
7 1 8 | 5 4 0 | 3 6 2 
6 2 4 | 0 7 3 | 8 5 0 
5 0 9 | 0 8 2 | 1 7 4 
---------------------
0 0 7 | 2 9 0 | 5 8 0 
9 8 0 | 7 5 0 | 0 2 3 
2 0 1 | 8 3 4 | 7 0 0 
---------------------
8 0 0 | 0 1 5 | 9 0 0 
1 9 0 | 0 0 7 | 0 3 0 
0 0 3 | 0 6 0 | 2 0 5 

0

0
