0

0

0

800000

1200000

2400000

---------------------
0 7 0 | 1 3 9 | 6 5 0 
3 6 5 | 0 0 4 | 0 0 9 
9 1 4 | 8 0 6 | 7 0 0 
---------------------
1 8 9 | 0 0 5 | 0 4 7 
0 5 0 | 0 1 0 | 8 9 6 
2 4 6 | 0 0 7 | 5 0 1 
---------------------
4 0 1 | 6 0 8 | 3 0 0 
0 3 0 | 2 4 0 | 9 6 8 
6 0 0 | 0 0 0 | 4 1 2 

---------------------
0 7 0 | 1 3 9 | 6 5 0 
3 6 5 | 0 0 4 | 0 0 9 
9 1 4 | 8 0 6 | 7 0 0 
---------------------
1 8 9 | 0 0 5 | 0 4 7 
0 5 0 | 0 1 0 | 8 9 6 
2 4 6 | 0 0 7 | 5 0 1 
---------------------
4 0 1 | 6 0 8 | 3 0 0 
0 3 0 | 2 4 0 | 9 6 8 
6 0 0 | 0 0 0 | 4 1 2 

0

0
