0

0

0

800000

1200000

2400000

---------------------
8 4 6 | 1 3 2 | 0 0 5 
1 9 2 | 0 0 0 | 6 3 8 
7 5 3 | 0 0 6 | 2 4 1 
---------------------
4 8 0 | 5 0 9 | 3 0 2 
0 0 0 | 4 0 3 | 0 0 6 
0 0 0 | 2 0 7 | 0 5 4 
---------------------
0 6 5 | 3 0 1 | 0 0 7 
3 1 0 | 6 7 8 | 0 0 9 
0 7 0 | 9 0 5 | 1 0 0 

---------------------
8 4 6 | 1 3 2 | 0 0 5 
1 9 2 | 0 0 0 | 6 3 8 
7 5 3 | 0 0 6 | 2 4 1 
---------------------
4 8 0 | 5 0 9 | 3 0 2 
0 0 0 | 4 0 3 | 0 0 6 
0 0 0 | 2 0 7 | 0 5 4 
---------------------
0 6 5 | 3 0 1 | 0 0 7 
3 1 0 | 6 7 8 | 0 0 9 
0 7 0 | 9 0 5 | 1 0 0 

0

0
