0

0

0

800000

1200000

2400000

---------------------
0 7 9 | 5 1 0 | 6 0 4 
3 0 0 | 0 6 0 | 5 9 2 
6 5 0 | 4 3 0 | 0 0 8 
---------------------
0 3 0 | 0 2 6 | 0 0 0 
0 0 6 | 0 0 0 | 0 2 9 
2 9 8 | 0 7 4 | 3 0 5 
---------------------
1 0 7 | 2 0 5 | 9 4 0 
9 2 3 | 7 4 1 | 0 5 6 
5 0 4 | 6 0 0 | 2 7 0 

---------------------
0 7 9 | 5 1 0 | 6 0 4 
3 0 0 | 0 6 0 | 5 9 2 
6 5 0 | 4 3 0 | 0 0 8 
---------------------
0 3 0 | 0 2 6 | 0 0 0 
0 0 6 | 0 0 0 | 0 2 9 
2 9 8 | 0 7 4 | 3 0 5 
---------------------
1 0 7 | 2 0 5 | 9 4 0 
9 2 3 | 7 4 1 | 0 5 6 
5 0 4 | 6 0 0 | 2 7 0 

0

0
