0

0

0

800000

1200000

2400000

---------------------
5 0 0 | 3 7 9 | 1 0 6 
0 4 9 | 1 0 0 | 7 3 2 
1 0 7 | 0 0 6 | 0 0 0 
---------------------
7 6 5 | 0 0 2 | 3 9 1 
0 1 3 | 6 9 0 | 5 0 0 
0 0 0 | 5 0 1 | 6 0 4 
---------------------
0 5 0 | 0 1 0 | 9 0 7 
0 9 6 | 7 0 0 | 0 1 0 
2 7 1 | 0 6 5 | 0 8 3 

---------------------
5 0 0 | 3 7 9 | 1 0 6 
0 4 9 | 1 0 0 | 7 3 2 
1 0 7 | 0 0 6 | 0 0 0 
---------------------
7 6 5 | 0 0 2 | 3 9 1 
0 1 3 | 6 9 0 | 5 0 0 
0 0 0 | 5 0 1 | 6 0 4 
---------------------
0 5 0 | 0 1 0 | 9 0 7 
0 9 6 | 7 0 0 | 0 1 0 
2 7 1 | 0 6 5 | 0 8 3 

0

0
