0

0

0

800000

1200000

2400000

---------------------
7 1 8 | 0 3 4 | 0 9 0 
3 0 0 | 9 0 0 | 0 7 0 
5 0 4 | 0 0 0 | 0 0 0 
---------------------
2 0 3 | 0 1 6 | 0 8 4 
8 4 0 | 0 2 9 | 7 0 5 
6 7 9 | 8 0 0 | 0 2 1 
---------------------
0 3 0 | 0 9 2 | 8 0 0 
9 0 0 | 5 6 0 | 1 4 7 
0 0 0 | 0 7 8 | 2 3 9 

---------------------
7 1 8 | 0 3 4 | 0 9 0 
3 0 0 | 9 0 0 | 0 7 0 
5 0 4 | 0 0 0 | 0 0 0 
---------------------
2 0 3 | 0 1 6 | 0 8 4 
8 4 0 | 0 2 9 | 7 0 5 
6 7 9 | 8 0 0 | 0 2 1 
---------------------
0 3 0 | 0 9 2 | 8 0 0 
9 0 0 | 5 6 0 | 1 4 7 
0 0 0 | 0 7 8 | 2 3 9 

0

0
