0

0

0

800000

1200000

2400000

---------------------
8 0 0 | 3 0 0 | 0 0 1 
0 0 0 | 0 0 2 | 4 0 6 
4 2 1 | 0 0 7 | 3 0 9 
---------------------
0 0 3 | 9 2 6 | 0 1 8 
1 0 0 | 4 7 5 | 9 3 2 
2 0 9 | 1 0 3 | 0 6 0 
---------------------
6 5 0 | 7 9 0 | 0 0 0 
7 0 8 | 2 0 4 | 0 9 0 
3 0 4 | 6 0 0 | 1 0 7 

---------------------
8 0 0 | 3 0 0 | 0 0 1 
0 0 0 | 0 0 2 | 4 0 6 
4 2 1 | 0 0 7 | 3 0 9 
---------------------
0 0 3 | 9 2 6 | 0 1 8 
1 0 0 | 4 7 5 | 9 3 2 
2 0 9 | 1 0 3 | 0 6 0 
---------------------
6 5 0 | 7 9 0 | 0 0 0 
7 0 8 | 2 0 4 | 0 9 0 
3 0 4 | 6 0 0 | 1 0 7 

0

0
