0

0

0

800000

1200000

2400000

---------------------
1 9 0 | 0 2 0 | 0 0 8 
2 0 6 | 4 5 0 | 0 1 7 
3 4 0 | 1 0 8 | 9 0 2 
---------------------
0 0 0 | 7 8 0 | 0 3 0 
5 0 3 | 0 0 4 | 0 8 0 
4 2 8 | 9 3 1 | 0 5 0 
---------------------
0 6 1 | 0 4 2 | 8 7 0 
0 0 4 | 0 0 7 | 0 2 0 
7 0 2 | 0 1 0 | 0 9 0 

---------------------
1 9 0 | 0 2 0 | 0 0 8 
2 0 6 | 4 5 0 | 0 1 7 
3 4 0 | 1 0 8 | 9 0 2 
---------------------
0 0 0 | 7 8 0 | 0 3 0 
5 0 3 | 0 0 4 | 0 8 0 
4 2 8 | 9 3 1 | 0 5 0 
---------------------
0 6 1 | 0 4 2 | 8 7 0 
0 0 4 | 0 0 7 | 0 2 0 
7 0 2 | 0 1 0 | 0 9 0 

0

0
