0

0

0

800000

1200000

2400000

---------------------
0 0 5 | 0 3 0 | 0 1 0 
8 0 0 | 0 0 1 | 2 3 0 
9 0 1 | 4 0 2 | 6 8 7 
---------------------
0 4 6 | 0 2 7 | 8 0 3 
0 8 0 | 0 9 3 | 7 0 6 
3 0 0 | 6 4 0 | 0 2 1 
---------------------
2 0 8 | 7 6 4 | 0 0 0 
6 9 0 | 0 0 0 | 4 7 8 
4 0 0 | 0 0 0 | 1 0 0 

---------------------
0 0 5 | 0 3 0 | 0 1 0 
8 0 0 | 0 0 1 | 2 3 0 
9 0 1 | 4 0 2 | 6 8 7 
---------------------
0 4 6 | 0 2 7 | 8 0 3 
0 8 0 | 0 9 3 | 7 0 6 
3 0 0 | 6 4 0 | 0 2 1 
---------------------
2 0 8 | 7 6 4 | 0 0 0 
6 9 0 | 0 0 0 | 4 7 8 
4 0 0 | 0 0 0 | 1 0 0 

0

0
