0

0

0

800000

1200000

2400000

---------------------
6 5 1 | 0 8 0 | 0 0 2 
7 0 0 | 5 0 0 | 1 0 4 
9 0 4 | 0 2 0 | 0 0 5 
---------------------
0 7 0 | 0 0 5 | 0 0 6 
0 4 0 | 8 0 0 | 0 3 7 
0 0 9 | 4 0 6 | 0 0 8 
---------------------
0 0 5 | 0 1 2 | 4 0 3 
0 1 3 | 6 5 7 | 8 0 9 
0 0 0 | 0 0 8 | 6 5 0 

---------------------
6 5 1 | 0 8 0 | 0 0 2 
7 0 0 | 5 0 0 | 1 0 4 
9 0 4 | 0 2 0 | 0 0 5 
---------------------
0 7 0 | 0 0 5 | 0 0 6 
0 4 0 | 8 0 0 | 0 3 7 
0 0 9 | 4 0 6 | 0 0 8 
---------------------
0 0 5 | 0 1 2 | 4 0 3 
0 1 3 | 6 5 7 | 8 0 9 
0 0 0 | 0 0 8 | 6 5 0 

0

0
