0

0

0

800000

1200000

2400000

---------------------
2 3 0 | 4 8 7 | 6 0 1 
0 0 0 | 0 6 0 | 3 7 2 
0 5 6 | 0 0 1 | 0 8 0 
---------------------
0 9 5 | 3 0 0 | 0 0 8 
0 0 4 | 0 7 0 | 0 0 0 
0 0 7 | 9 0 5 | 0 0 0 
---------------------
9 0 0 | 7 2 0 | 5 0 6 
5 7 0 | 0 9 3 | 0 1 4 
0 6 3 | 0 5 0 | 0 0 0 

---------------------
2 3 0 | 4 8 7 | 6 0 1 
0 0 0 | 0 6 0 | 3 7 2 
0 5 6 | 0 0 1 | 0 8 0 
---------------------
0 9 5 | 3 0 0 | 0 0 8 
0 0 4 | 0 7 0 | 0 0 0 
0 0 7 | 9 0 5 | 0 0 0 
---------------------
9 0 0 | 7 2 0 | 5 0 6 
5 7 0 | 0 9 3 | 0 1 4 
0 6 3 | 0 5 0 | 0 0 0 

0

0
