0

0

0

800000

1200000

2400000

---------------------
0 0 7 | 0 0 0 | 1 3 8 
0 0 0 | 0 4 8 | 7 0 5 
5 0 0 | 3 0 0 | 9 4 0 
---------------------
0 0 0 | 0 0 0 | 5 6 0 
0 6 0 | 8 1 0 | 2 7 9 
7 0 0 | 0 6 9 | 3 8 0 
---------------------
0 0 0 | 4 5 3 | 0 9 0 
0 5 0 | 0 0 6 | 8 0 3 
9 3 0 | 0 8 1 | 0 5 0 

---------------------
0 0 7 | 0 0 0 | 1 3 8 
0 0 0 | 0 4 8 | 7 0 5 
5 0 0 | 3 0 0 | 9 4 0 
---------------------
0 0 0 | 0 0 0 | 5 6 0 
0 6 0 | 8 1 0 | 2 7 9 
7 0 0 | 0 6 9 | 3 8 0 
---------------------
0 0 0 | 4 5 3 | 0 9 0 
0 5 0 | 0 0 6 | 8 0 3 
9 3 0 | 0 8 1 | 0 5 0 

0

0
