0

0

0

800000

1200000

2400000

---------------------
0 2 0 | 0 4 0 | 0 0 5 
0 9 8 | 0 1 0 | 0 2 0 
6 0 4 | 0 0 0 | 0 8 0 
---------------------
0 0 9 | 0 0 3 | 5 0 6 
3 7 6 | 0 0 1 | 8 0 0 
0 1 2 | 9 6 0 | 0 7 0 
---------------------
2 0 5 | 0 0 7 | 0 4 8 
9 0 1 | 0 0 0 | 6 3 7 
0 0 0 | 6 0 4 | 0 5 1 

---------------------
0 2 0 | 0 4 0 | 0 0 5 
0 9 8 | 0 1 0 | 0 2 0 
6 0 4 | 0 0 0 | 0 8 0 
---------------------
0 0 9 | 0 0 3 | 5 0 6 
3 7 6 | 0 0 1 | 8 0 0 
0 1 2 | 9 6 0 | 0 7 0 
---------------------
2 0 5 | 0 0 7 | 0 4 8 
9 0 1 | 0 0 0 | 6 3 7 
0 0 0 | 6 0 4 | 0 5 1 

0

0
