0

0

0

800000

1200000

2400000

---------------------
4 3 0 | 0 0 6 | 0 7 2 
9 0 8 | 2 4 0 | 0 5 0 
0 1 0 | 5 0 3 | 0 0 4 
---------------------
0 0 0 | 0 3 8 | 6 0 5 
0 0 0 | 0 0 0 | 4 0 0 
6 9 0 | 4 5 2 | 0 8 0 
---------------------
8 2 6 | 0 0 4 | 0 0 9 
0 0 0 | 6 0 0 | 2 0 0 
0 0 4 | 0 0 0 | 0 0 0 

---------------------
4 3 0 | 0 0 6 | 0 7 2 
9 0 8 | 2 4 0 | 0 5 0 
0 1 0 | 5 0 3 | 0 0 4 
---------------------
0 0 0 | 0 3 8 | 6 0 5 
0 0 0 | 0 0 0 | 4 0 0 
6 9 0 | 4 5 2 | 0 8 0 
---------------------
8 2 6 | 0 0 4 | 0 0 9 
0 0 0 | 6 0 0 | 2 0 0 
0 0 4 | 0 0 0 | 0 0 0 

0

0
